867792325184
867792512225
867776443513
867792466333
867791530436
867787422615
867786158258
867791354337
867792390116
867789515128
867791538027
867790497516
867791303619
867792694890
867792218267
867792397764
867792329764
867791909915
867792025334
867791624784
867787301544
867782037931
867792445913
867791302502
867792998373
798183908153
867792280805
867792294551
867792707565
867792832358
867791520651
867791719550
867792293789
867792241222
867790850960
867792392529
867792694872
855108993330
867788491430
867791525815
867787356263
798183738162
867790940760
867791878062
867791896554
867791868755
867791238867
867790932150
867791515699
867791699335
855107124035
867786558104
867791639748
867791474986
867790761171
855108478485
855108481032
867790687363
867791106811
867791528421
867791266939
867791089003
867791081197
867791829313
798183670601
867791095498
867790621903
867791919424
867790815457
867788420133
867791691567
867791766992
855108187955
867780430734
798183844970
867792030673
867791100584
867791165939
867785655043
867782160104
867786686257
867785809092
867787145512
867786926822
867787075409
867786213276
867786590550
867786306662
867785963184
867786993926
867777141608
867785936205
867787201201
867787487737
867786853992
867785784611
867782160083
867786775622
867787101828
867786374553
867787509567
867787176480
867786249893
867787323494
867786788433
867786375734
867784872034
867786828855
867786289446
867786086158
867787227627
867786244043
867787083726
798182730924
867787104336
867786895917
867783488698
867786997803
867786496575
867787178745
867786000656
867785486255
867786786402
867787578814
867786773337
867776422164
867785721891
798182757897
867786358395
867787218389
867786884316
867786283682
867786418185
867778951804
867786392178
867787238281
867786590511
867787078413
867786003267
867787200754
867783897968
867786626279
867785609614
867785549520
867787010260
867786686999
867786796019
867786849851
867786784658
867786632646
867786318073
867786468876
867786492937
867781819138
867787147226
798182761202
867786402913
867786127462
867772195129
867772659527
867772271550
867772249767
867772520131
867770214307
867762293242
867772040803
867772443970
867770532281
867772474258
867772282498
867771747125
867772184112
867771265637
867772270691
867772642609
867771834445
867771654436
867769655812
867771470566
867771800839
867771078806
867772317982
867772180108
867771860554
867771913607
867768967194
867771022512
867770234674
867772389535
867772375837
867770967420
867772300908
867770573684
867771996617
798179972721
867772249264
867771845048
867772395274
867772322007
867772226880
867772359839
867771778996
867772250945
867771941933
867771237384
867771696994
867765734795
867772691200
867772416483
867771753776
867754393159
867772402658
867772479478
798180293763
867772051115
867763464421
867763322965
867762903270
867763149978
867763542454
867763132533
867763327529
867761126257
867762809146
867759717100
867761765359
867763619384
867763175510
867763065545
867763811471
867761949865
798179126950
867763058851
867763549591
867763212206
867762614695
867763645074
867762898271
867763314845
867762797851
798179110978
867763692659
867762902234
867763521859
798179101024
867763047529
867762495288
867762429077
867763072279
867763730143
867760860680
867763038604
867762079910
867763748582
867762936779
798179020268
867763215828
867741511686
867763399459
867763359013
867762791806
867763357503
867763210300
867762999863
867763686035
867763725434
867762729989
867762116767
867763715491
867762797896
798178933434
867763366407
867760909568
867761545710
798178751900
867759412747
867761958547
867760719468
867761244876
867759759596
867746134712
867761798952
867761437122
867760858967
867761895101
867760844708
867762012697
867761841028
867760962116
867754884409
867761220080
867761493611
867761812408
867761577542
867761298427
798178745507
867760997113
867762075664
867759560500
867761707653
867761549693
867761865129
867761272864
867746491896
867760029722
867759714687
867761800852
867761804871
867399024932
867398475024
867398994904
867399627744
867383686133
867400169428
867379495561
867400270244
867388482526
867398475040
867400141148
867399230602
867400215541
867400251453
867399197602
867400128322
867399032607
867399599207
867395165268
867394993183
867395279463
867395053468
867395381673
867394089843
867395140414
819800251319
867395307820
819800136252
867394773486
867394913143
867395102557
867395408010
867386203452
867395139915
867395041278
867395327327
867394252832
867375751568
867378521134
867377234839
819798666398
867377628712
819798674885
867377886536
867378182563
867378084948
867376872299
867374997744
867377294384
867376763383
819798620903
867377773157
819798717622
867377831999
867377185388
867376323037
