867268618041
867270052567
867312800722
867324295576
867376604112
867394748201
867772427865
867772478043
867771961556
867772335332
867772300924
867761751478
867772282508
867772037425
867770765403
867772032491
867771865038
867770643194
867771932205
867767778417
867772226483
867772006510
867772530601
867771801761
867772093943
867772213059
867773165375
867766353367
867773702884
867772365413
867773510080
867773065393
867774045136
867770411183
867773763500
867774191529
867773833954
867773661733
867773937691
867773267059
867774011839
867773732275
867773485997
867773696159
867773945053
867772403705
867772849093
867773585772
867773160529
867773366118
867773742881
867773261198
867773315325
867772282143
867764268251
867774242927
867773751988
867773980942
867773683352
867773579251
867773948610
867774185813
867774166476
867773988532
867773278506
867774106412
867773801949
867772403716
867774280674
867773979149
867774030578
867769660591
867772725310
867774176939
867773901538
867762876220
867773120448
867774137225
867773792680
867774095517
855102224542
867773856296
867774101037
867774361523
867773633196
867774302044
867773975059
867772127240
855102447799
867773065413
867774054220
867773944734
867773139942
855102311558
867774483586
867773940405
867771594798
867773924931
867774122525
867774182736
867772181521
867773305349
867774223740
867785971111
867789158503
867776937557
867773097257
