867335860978
867335589149
867335109249
867335907947
867336436019
867336386177
867336251785
867335850617
867334808154
798125542813
867335080770
867336332385
867331417458
867317060340
798124355764
867324504631
867323263592
867323939549
867322809643
867324393329
867323305345
867323419328
867324738824
867324181198
867323697954
867272231020
867271652276
867270615070
867271980954
867271144756
867271596986
867271054907
867269348958
867269419571
867269734400
867269784292
867267818221
867270096376
867270049349
